# Menipy Drop Analysis Coordinates
# Image: gota pendiente 1.png
# Scale: 213.114754 px/mm

# NEEDLE BBOX (pixel space: x, y, width, height)
520, 0, 390, 123

# NEEDLE CONTACT POINTS (pixel space: Left_x, Left_y, Right_x, Right_y)
516, 123, 914, 124

# DROPLET CONTOUR COORDINATES (pixel space: x, y)
516.00, 123.00
914.00, 124.00
516.00, 123.00
516.00, 125.00
515.00, 126.00
515.00, 128.00
514.00, 129.00
514.00, 130.00
513.00, 131.00
513.00, 133.00
512.00, 134.00
512.00, 136.00
511.00, 137.00
511.00, 139.00
510.00, 140.00
510.00, 141.00
509.00, 142.00
509.00, 144.00
508.00, 145.00
508.00, 147.00
507.00, 148.00
507.00, 150.00
506.00, 151.00
506.00, 153.00
505.00, 154.00
505.00, 155.00
504.00, 156.00
504.00, 158.00
503.00, 159.00
503.00, 161.00
502.00, 162.00
502.00, 164.00
501.00, 165.00
501.00, 167.00
500.00, 168.00
500.00, 170.00
499.00, 171.00
499.00, 173.00
498.00, 174.00
498.00, 176.00
497.00, 177.00
497.00, 179.00
496.00, 180.00
496.00, 182.00
495.00, 183.00
495.00, 185.00
494.00, 186.00
494.00, 188.00
493.00, 189.00
493.00, 192.00
492.00, 193.00
492.00, 195.00
491.00, 196.00
491.00, 198.00
490.00, 199.00
490.00, 201.00
489.00, 202.00
489.00, 205.00
488.00, 206.00
488.00, 208.00
487.00, 209.00
487.00, 212.00
486.00, 213.00
486.00, 215.00
485.00, 216.00
485.00, 219.00
484.00, 220.00
484.00, 223.00
483.00, 224.00
483.00, 227.00
482.00, 228.00
482.00, 231.00
481.00, 232.00
481.00, 235.00
480.00, 236.00
480.00, 239.00
479.00, 240.00
479.00, 243.00
478.00, 244.00
478.00, 248.00
477.00, 249.00
477.00, 253.00
476.00, 254.00
476.00, 258.00
475.00, 259.00
475.00, 263.00
474.00, 264.00
474.00, 269.00
473.00, 270.00
473.00, 275.00
472.00, 276.00
472.00, 281.00
471.00, 282.00
471.00, 288.00
470.00, 289.00
470.00, 297.00
469.00, 298.00
469.00, 308.00
468.00, 309.00
468.00, 322.00
467.00, 323.00
467.00, 362.00
468.00, 363.00
468.00, 375.00
469.00, 376.00
469.00, 385.00
470.00, 386.00
470.00, 392.00
471.00, 393.00
471.00, 399.00
472.00, 400.00
472.00, 405.00
473.00, 406.00
473.00, 410.00
474.00, 411.00
474.00, 415.00
475.00, 416.00
475.00, 419.00
476.00, 420.00
476.00, 424.00
477.00, 425.00
477.00, 428.00
478.00, 429.00
478.00, 432.00
479.00, 433.00
479.00, 435.00
480.00, 436.00
480.00, 438.00
481.00, 439.00
481.00, 442.00
482.00, 443.00
482.00, 445.00
483.00, 446.00
483.00, 448.00
484.00, 449.00
484.00, 451.00
485.00, 452.00
485.00, 454.00
486.00, 455.00
486.00, 457.00
487.00, 458.00
487.00, 459.00
488.00, 460.00
488.00, 462.00
489.00, 463.00
489.00, 464.00
490.00, 465.00
490.00, 467.00
491.00, 468.00
491.00, 469.00
492.00, 470.00
492.00, 472.00
493.00, 473.00
493.00, 474.00
494.00, 475.00
494.00, 476.00
495.00, 477.00
495.00, 478.00
496.00, 479.00
496.00, 481.00
497.00, 482.00
497.00, 483.00
498.00, 484.00
498.00, 485.00
499.00, 486.00
499.00, 487.00
500.00, 488.00
500.00, 489.00
501.00, 490.00
501.00, 491.00
502.00, 492.00
502.00, 493.00
504.00, 495.00
504.00, 496.00
505.00, 497.00
505.00, 498.00
506.00, 499.00
506.00, 500.00
508.00, 502.00
508.00, 503.00
509.00, 504.00
509.00, 505.00
511.00, 507.00
511.00, 508.00
512.00, 509.00
512.00, 510.00
514.00, 512.00
514.00, 513.00
516.00, 515.00
516.00, 516.00
518.00, 518.00
518.00, 519.00
520.00, 521.00
520.00, 522.00
522.00, 524.00
522.00, 525.00
525.00, 528.00
525.00, 529.00
529.00, 533.00
529.00, 534.00
533.00, 538.00
533.00, 539.00
539.00, 545.00
539.00, 546.00
558.00, 565.00
559.00, 565.00
565.00, 571.00
566.00, 571.00
570.00, 575.00
571.00, 575.00
575.00, 579.00
576.00, 579.00
578.00, 581.00
579.00, 581.00
582.00, 584.00
583.00, 584.00
585.00, 586.00
586.00, 586.00
588.00, 588.00
589.00, 588.00
591.00, 590.00
592.00, 590.00
593.00, 591.00
594.00, 591.00
596.00, 593.00
597.00, 593.00
598.00, 594.00
599.00, 594.00
601.00, 596.00
602.00, 596.00
603.00, 597.00
604.00, 597.00
605.00, 598.00
606.00, 598.00
607.00, 599.00
608.00, 599.00
609.00, 600.00
610.00, 600.00
611.00, 601.00
612.00, 601.00
613.00, 602.00
614.00, 602.00
615.00, 603.00
616.00, 603.00
617.00, 604.00
618.00, 604.00
619.00, 605.00
620.00, 605.00
621.00, 606.00
622.00, 606.00
623.00, 607.00
625.00, 607.00
626.00, 608.00
627.00, 608.00
628.00, 609.00
630.00, 609.00
631.00, 610.00
632.00, 610.00
633.00, 611.00
635.00, 611.00
636.00, 612.00
638.00, 612.00
639.00, 613.00
640.00, 613.00
641.00, 614.00
643.00, 614.00
644.00, 615.00
646.00, 615.00
647.00, 616.00
650.00, 616.00
651.00, 617.00
653.00, 617.00
654.00, 618.00
657.00, 618.00
658.00, 619.00
661.00, 619.00
662.00, 620.00
665.00, 620.00
666.00, 621.00
670.00, 621.00
671.00, 622.00
675.00, 622.00
676.00, 623.00
681.00, 623.00
682.00, 624.00
689.00, 624.00
690.00, 625.00
700.00, 625.00
701.00, 626.00
730.00, 626.00
731.00, 625.00
741.00, 625.00
742.00, 624.00
749.00, 624.00
750.00, 623.00
755.00, 623.00
756.00, 622.00
760.00, 622.00
761.00, 621.00
765.00, 621.00
766.00, 620.00
769.00, 620.00
770.00, 619.00
773.00, 619.00
774.00, 618.00
777.00, 618.00
778.00, 617.00
780.00, 617.00
781.00, 616.00
784.00, 616.00
785.00, 615.00
787.00, 615.00
788.00, 614.00
790.00, 614.00
791.00, 613.00
793.00, 613.00
794.00, 612.00
795.00, 612.00
796.00, 611.00
798.00, 611.00
799.00, 610.00
801.00, 610.00
802.00, 609.00
803.00, 609.00
804.00, 608.00
805.00, 608.00
806.00, 607.00
808.00, 607.00
809.00, 606.00
810.00, 606.00
811.00, 605.00
812.00, 605.00
813.00, 604.00
814.00, 604.00
815.00, 603.00
817.00, 603.00
819.00, 601.00
821.00, 601.00
823.00, 599.00
824.00, 599.00
825.00, 598.00
826.00, 598.00
827.00, 597.00
828.00, 597.00
829.00, 596.00
830.00, 596.00
831.00, 595.00
832.00, 595.00
834.00, 593.00
835.00, 593.00
836.00, 592.00
837.00, 592.00
839.00, 590.00
840.00, 590.00
842.00, 588.00
843.00, 588.00
845.00, 586.00
846.00, 586.00
848.00, 584.00
849.00, 584.00
851.00, 582.00
852.00, 582.00
855.00, 579.00
856.00, 579.00
859.00, 576.00
860.00, 576.00
864.00, 572.00
865.00, 572.00
871.00, 566.00
872.00, 566.00
893.00, 545.00
893.00, 544.00
899.00, 538.00
899.00, 537.00
903.00, 533.00
903.00, 532.00
906.00, 529.00
906.00, 528.00
909.00, 525.00
909.00, 524.00
911.00, 522.00
911.00, 521.00
913.00, 519.00
913.00, 518.00
915.00, 516.00
915.00, 515.00
917.00, 513.00
917.00, 512.00
919.00, 510.00
919.00, 509.00
921.00, 507.00
921.00, 506.00
922.00, 505.00
922.00, 504.00
924.00, 502.00
924.00, 501.00
925.00, 500.00
925.00, 499.00
926.00, 498.00
926.00, 497.00
927.00, 496.00
927.00, 495.00
928.00, 494.00
928.00, 493.00
930.00, 491.00
930.00, 490.00
931.00, 489.00
931.00, 488.00
932.00, 487.00
932.00, 486.00
933.00, 485.00
933.00, 484.00
934.00, 483.00
934.00, 482.00
935.00, 481.00
935.00, 479.00
936.00, 478.00
936.00, 477.00
937.00, 476.00
937.00, 475.00
938.00, 474.00
938.00, 473.00
939.00, 472.00
939.00, 470.00
940.00, 469.00
940.00, 468.00
941.00, 467.00
941.00, 465.00
942.00, 464.00
942.00, 463.00
943.00, 462.00
943.00, 460.00
944.00, 459.00
944.00, 458.00
945.00, 457.00
945.00, 455.00
946.00, 454.00
946.00, 452.00
947.00, 451.00
947.00, 449.00
948.00, 448.00
948.00, 446.00
949.00, 445.00
949.00, 443.00
950.00, 442.00
950.00, 439.00
951.00, 438.00
951.00, 436.00
952.00, 435.00
952.00, 432.00
953.00, 431.00
953.00, 428.00
954.00, 427.00
954.00, 424.00
955.00, 423.00
955.00, 420.00
956.00, 419.00
956.00, 415.00
957.00, 414.00
957.00, 411.00
958.00, 410.00
958.00, 405.00
959.00, 404.00
959.00, 399.00
960.00, 398.00
960.00, 392.00
961.00, 391.00
961.00, 385.00
962.00, 384.00
962.00, 375.00
963.00, 374.00
963.00, 359.00
964.00, 358.00
964.00, 326.00
963.00, 325.00
963.00, 310.00
962.00, 309.00
962.00, 299.00
961.00, 298.00
961.00, 291.00
960.00, 290.00
960.00, 284.00
959.00, 283.00
959.00, 277.00
958.00, 276.00
958.00, 271.00
957.00, 270.00
957.00, 265.00
956.00, 264.00
956.00, 260.00
955.00, 259.00
955.00, 255.00
954.00, 254.00
954.00, 250.00
953.00, 249.00
953.00, 246.00
952.00, 245.00
952.00, 241.00
951.00, 240.00
951.00, 237.00
950.00, 236.00
950.00, 233.00
949.00, 232.00
949.00, 229.00
948.00, 228.00
948.00, 225.00
947.00, 224.00
947.00, 221.00
946.00, 220.00
946.00, 217.00
945.00, 216.00
945.00, 214.00
944.00, 213.00
944.00, 210.00
943.00, 209.00
943.00, 207.00
942.00, 206.00
942.00, 203.00
941.00, 202.00
941.00, 200.00
940.00, 199.00
940.00, 197.00
939.00, 196.00
939.00, 194.00
938.00, 193.00
938.00, 190.00
937.00, 189.00
937.00, 187.00
936.00, 186.00
936.00, 184.00
935.00, 183.00
935.00, 181.00
934.00, 180.00
934.00, 178.00
933.00, 177.00
933.00, 175.00
932.00, 174.00
932.00, 172.00
931.00, 171.00
931.00, 169.00
930.00, 168.00
930.00, 166.00
929.00, 165.00
929.00, 163.00
928.00, 162.00
928.00, 161.00
927.00, 160.00
927.00, 158.00
926.00, 157.00
926.00, 155.00
925.00, 154.00
925.00, 152.00
924.00, 151.00
924.00, 150.00
923.00, 149.00
923.00, 147.00
922.00, 146.00
922.00, 144.00
921.00, 143.00
921.00, 142.00
920.00, 141.00
920.00, 139.00
919.00, 138.00
919.00, 136.00
918.00, 135.00
918.00, 134.00
917.00, 133.00
917.00, 131.00
916.00, 130.00
916.00, 129.00
915.00, 128.00
915.00, 126.00
914.00, 125.00
914.00, 124.00
913.00, 123.00

# PREDICTED CONTOUR COORDINATES (pixel space: x, y)
516.81, 123.00
516.10, 124.89
514.48, 129.18
512.88, 133.47
511.28, 137.77
509.69, 142.07
508.12, 146.38
506.55, 150.69
505.01, 155.01
503.47, 159.33
501.96, 163.66
500.46, 167.99
498.98, 172.33
497.52, 176.68
496.08, 181.03
494.67, 185.39
493.28, 189.76
491.91, 194.14
490.57, 198.52
489.25, 202.92
487.96, 207.32
486.70, 211.73
485.47, 216.14
484.27, 220.57
483.11, 225.00
481.97, 229.45
480.87, 233.90
479.80, 238.36
478.77, 242.83
477.78, 247.30
476.82, 251.79
475.90, 256.28
475.02, 260.78
474.18, 265.29
473.39, 269.80
472.63, 274.33
471.92, 278.86
471.25, 283.39
470.62, 287.93
470.05, 292.48
469.51, 297.04
469.03, 301.60
468.59, 306.16
468.20, 310.73
467.86, 315.30
467.58, 319.88
467.34, 324.46
467.16, 329.04
467.02, 333.63
466.94, 338.21
466.92, 342.80
466.95, 347.38
467.04, 351.97
467.18, 356.55
467.38, 361.13
467.64, 365.71
467.95, 370.28
468.33, 374.85
468.76, 379.42
469.26, 383.98
469.81, 388.53
470.43, 393.07
471.11, 397.61
471.85, 402.13
472.65, 406.65
473.52, 411.15
474.45, 415.64
475.44, 420.12
476.50, 424.58
477.62, 429.02
478.81, 433.45
480.07, 437.86
481.39, 442.25
482.77, 446.62
484.22, 450.97
485.74, 455.30
487.33, 459.60
488.98, 463.88
490.70, 468.13
492.49, 472.35
494.34, 476.55
496.26, 480.71
498.25, 484.84
500.30, 488.94
502.42, 493.01
504.61, 497.04
506.87, 501.03
509.19, 504.99
511.58, 508.90
514.03, 512.77
516.55, 516.61
519.13, 520.39
521.78, 524.14
524.50, 527.83
527.27, 531.48
530.12, 535.08
533.02, 538.63
535.99, 542.12
539.02, 545.57
542.11, 548.95
545.26, 552.28
548.47, 555.56
551.74, 558.77
555.07, 561.93
558.45, 565.02
561.89, 568.05
565.39, 571.02
568.94, 573.92
572.55, 576.75
576.20, 579.52
579.91, 582.21
583.67, 584.84
587.48, 587.39
591.34, 589.87
595.24, 592.28
599.19, 594.61
603.18, 596.87
607.21, 599.05
611.29, 601.15
615.41, 603.17
619.56, 605.11
623.75, 606.97
627.98, 608.75
632.24, 610.44
636.53, 612.05
640.86, 613.58
645.21, 615.02
649.59, 616.37
654.00, 617.64
658.43, 618.82
662.88, 619.91
667.36, 620.91
671.85, 621.83
676.36, 622.65
680.89, 623.39
685.43, 624.03
689.98, 624.58
694.54, 625.05
699.11, 625.42
703.69, 625.70
708.27, 625.89
712.85, 625.98
715.15, 626.00
715.38, 626.00
715.40, 626.00
715.42, 626.00
715.65, 626.00
717.94, 625.98
722.53, 625.89
727.11, 625.70
731.69, 625.42
736.26, 625.05
740.82, 624.58
745.37, 624.03
749.91, 623.39
754.44, 622.65
758.95, 621.83
763.44, 620.91
767.92, 619.91
772.37, 618.82
776.80, 617.64
781.21, 616.37
785.59, 615.02
789.94, 613.58
794.27, 612.05
798.56, 610.44
802.82, 608.75
807.05, 606.97
811.24, 605.11
815.39, 603.17
819.51, 601.15
823.59, 599.05
827.62, 596.87
831.61, 594.61
835.56, 592.28
839.46, 589.87
843.32, 587.39
847.13, 584.84
850.89, 582.21
854.60, 579.52
858.25, 576.75
861.86, 573.92
865.41, 571.02
868.91, 568.05
872.35, 565.02
875.73, 561.93
879.06, 558.77
882.33, 555.56
885.54, 552.28
888.69, 548.95
891.78, 545.57
894.81, 542.12
897.78, 538.63
900.68, 535.08
903.52, 531.48
906.30, 527.83
909.02, 524.14
911.67, 520.39
914.25, 516.61
916.77, 512.77
919.22, 508.90
921.61, 504.99
923.93, 501.03
926.19, 497.04
928.38, 493.01
930.50, 488.94
932.55, 484.84
934.54, 480.71
936.46, 476.55
938.31, 472.35
940.10, 468.13
941.82, 463.88
943.47, 459.60
945.06, 455.30
946.57, 450.97
948.03, 446.62
949.41, 442.25
950.73, 437.86
951.99, 433.45
953.18, 429.02
954.30, 424.58
955.36, 420.12
956.35, 415.64
957.28, 411.15
958.15, 406.65
958.95, 402.13
959.69, 397.61
960.37, 393.07
960.99, 388.53
961.54, 383.98
962.04, 379.42
962.47, 374.85
962.85, 370.28
963.16, 365.71
963.42, 361.13
963.62, 356.55
963.76, 351.97
963.85, 347.38
963.88, 342.80
963.85, 338.21
963.78, 333.63
963.64, 329.04
963.46, 324.46
963.22, 319.88
962.93, 315.30
962.60, 310.73
962.21, 306.16
961.77, 301.60
961.29, 297.04
960.75, 292.48
960.17, 287.93
959.55, 283.39
958.88, 278.86
958.17, 274.33
957.41, 269.80
956.62, 265.29
955.78, 260.78
954.90, 256.28
953.98, 251.79
953.02, 247.30
952.03, 242.83
951.00, 238.36
949.93, 233.90
948.83, 229.45
947.69, 225.00
946.53, 220.57
945.33, 216.14
944.10, 211.73
942.84, 207.32
941.55, 202.92
940.23, 198.52
938.89, 194.14
937.52, 189.76
936.13, 185.39
934.72, 181.03
933.28, 176.68
931.82, 172.33
930.34, 167.99
928.84, 163.66
927.33, 159.33
925.79, 155.01
924.25, 150.69
922.68, 146.38
921.11, 142.07
919.52, 137.77
917.92, 133.47
916.32, 129.18
914.70, 124.89
913.99, 123.00
